3.143601000000000034e-02 5.704036666666666378e+01
4.668898999999999966e-02 5.646427117514640059e+01
6.194195999999999730e-02 5.067558531470345429e+01
7.719494000000000355e-02 4.488689565914003765e+01
9.244792000000000287e-02 3.975059505681661420e+01
1.077008899999999936e-01 3.470712976666077765e+01
1.229538700000000068e-01 3.024143569063199877e+01
1.382068499999999922e-01 2.608484427037888764e+01
1.534598199999999968e-01 2.233105237373588281e+01
1.687127999999999961e-01 1.911694003891853200e+01
1.839657700000000007e-01 1.616252540232866153e+01
1.992187500000000000e-01 1.422300277523949852e+01
2.144717299999999993e-01 1.228348014815033373e+01
2.297247000000000039e-01 1.112934149210045476e+01
2.449776800000000032e-01 9.991563419336204177e+00
2.602306500000000078e-01 9.129417720957997417e+00
2.754836299999999794e-01 8.356535623690495740e+00
2.907366100000000064e-01 7.726692481533337542e+00
3.059895799999999833e-01 7.223078311118316996e+00
3.212425600000000103e-01 6.751893177063805318e+00
3.364955399999999819e-01 6.353914157743323798e+00
3.517485100000000142e-01 5.964051458979120035e+00
3.670014899999999858e-01 5.664126391966592955e+00
3.822544600000000181e-01 5.364201521587816046e+00
3.975074399999999897e-01 5.125547034652512046e+00
4.127604200000000167e-01 4.896981736592941559e+00
4.280133899999999936e-01 4.699264599698363298e+00
4.432663700000000206e-01 4.519245026649177710e+00
4.585193499999999922e-01 4.368065296320314594e+00
4.737723200000000245e-01 4.258177969733234924e+00
4.890252999999999961e-01 4.155411951639844226e+00
5.042782700000000284e-01 4.083593599113757300e+00
5.195312500000000000e-01 4.011775199502839229e+00
5.347842299999999716e-01 3.967368844863329969e+00
5.500372000000000039e-01 3.924020365108372932e+00
5.652901799999999755e-01 3.912105520212232790e+00
5.805431500000000078e-01 3.911314209167280787e+00
5.957961299999999794e-01 3.929347756434592664e+00
6.110491099999999509e-01 3.965147554646387018e+00
6.263020799999999833e-01 4.006076034302565425e+00
6.415550599999999548e-01 4.059546178091024693e+00
6.568080400000000374e-01 4.114314858937853536e+00
6.720610099999999587e-01 4.187145448976663964e+00
6.873139900000000413e-01 4.259976086763940017e+00
7.025669599999999626e-01 4.314634485401560582e+00
7.178199400000000452e-01 4.365906366531078220e+00
7.330729200000000167e-01 4.403263260788995659e+00
7.483258900000000491e-01 4.432044202658806498e+00
7.635788700000000206e-01 4.462557261940694353e+00
7.788318499999999922e-01 4.495728424600601514e+00
7.940848200000000245e-01 4.531540572758355978e+00
8.093377999999999961e-01 4.580218287331249805e+00
8.245907700000000284e-01 4.628895969990566961e+00
8.398437500000000000e-01 4.704923635151068595e+00
8.550967299999999716e-01 4.782509635801522663e+00
8.703497000000000039e-01 4.893160874678069483e+00
8.856026799999999755e-01 5.016547632088862230e+00
9.008556500000000078e-01 5.182010545889091269e+00
9.161086299999999794e-01 5.389758177650374904e+00
9.313616099999999509e-01 5.603370761830506197e+00
9.466145799999999833e-01 5.832480787161875568e+00
9.618675599999999548e-01 6.066357555070839069e+00
9.771205400000000374e-01 6.390066380160742021e+00
9.923735099999999587e-01 6.713774993024030913e+00
