3.143601000000000034e-02 4.835417064608843289e-03
4.668898999999999966e-02 4.899778053011154093e-03
6.194195999999999730e-02 5.546486018986418985e-03
7.719494000000000355e-02 6.193194408949907748e-03
9.244792000000000287e-02 7.167612170967875562e-03
1.077008899999999936e-01 8.188660822026686686e-03
1.229538700000000068e-01 1.119757677039099307e-02
1.382068499999999922e-01 1.526997826895600853e-02
1.534598199999999968e-01 1.672592451877546321e-02
1.687127999999999961e-01 1.467625195240295291e-02
1.839657700000000007e-01 1.226395689235297917e-02
1.992187500000000000e-01 8.434521299650304949e-03
2.144717299999999993e-01 4.605085706947630725e-03
2.297247000000000039e-01 3.249284657297258141e-03
2.449776800000000032e-01 1.945014200966615429e-03
2.602306500000000078e-01 1.504190168635614888e-03
2.754836299999999794e-01 1.342995399696406437e-03
2.907366100000000064e-01 1.287740162956990024e-03
3.059895799999999833e-01 1.325974141390303274e-03
3.212425600000000103e-01 1.368378402201561725e-03
3.364955399999999819e-01 1.420196609932710113e-03
3.517485100000000142e-01 1.472122322485967805e-03
3.670014899999999858e-01 1.525239757220159687e-03
3.822544600000000181e-01 1.578357157130052093e-03
3.975074399999999897e-01 1.611143120967085517e-03
4.127604200000000167e-01 1.640581180316444615e-03
4.280133899999999936e-01 1.672205950741537323e-03
4.432663700000000206e-01 1.705085282541193631e-03
4.585193499999999922e-01 1.740058452849224105e-03
4.737723200000000245e-01 1.778029515937196376e-03
4.890252999999999961e-01 1.820124469773955417e-03
5.042782700000000284e-01 1.880140604240294715e-03
5.195312500000000000e-01 1.940156778053813173e-03
5.347842299999999716e-01 2.008745413162377289e-03
5.500372000000000039e-01 2.077664819262042654e-03
5.652901799999999755e-01 2.150367833456910075e-03
5.805431500000000078e-01 2.224409700903173717e-03
5.957961299999999794e-01 2.290217093053075435e-03
6.110491099999999509e-01 2.348253026290903281e-03
6.263020799999999833e-01 2.389023453042903207e-03
6.415550599999999548e-01 2.387573258910350230e-03
6.568080400000000374e-01 2.384237797049050880e-03
6.720610099999999587e-01 2.354679287370806551e-03
6.873139900000000413e-01 2.325120758313706931e-03
7.025669599999999626e-01 2.299252056721927829e-03
7.178199400000000452e-01 2.274070967506492888e-03
7.330729200000000167e-01 2.299720100881069880e-03
7.483258900000000491e-01 2.356696327405573277e-03
7.635788700000000206e-01 2.411827019674442699e-03
7.788318499999999922e-01 2.464125471162180187e-03
7.940848200000000245e-01 2.516621956252948489e-03
8.093377999999999961e-01 2.570083354199975256e-03
8.245907700000000284e-01 2.623544717097196950e-03
8.398437500000000000e-01 2.680695148143972650e-03
8.550967299999999716e-01 2.738055771570604806e-03
8.703497000000000039e-01 2.816267333115464802e-03
8.856026799999999755e-01 2.902509919881527452e-03
9.008556500000000078e-01 3.089104167232894702e-03
9.161086299999999794e-01 3.376547221199776086e-03
9.313616099999999509e-01 3.557914288879840316e-03
9.466145799999999833e-01 3.458985492146645409e-03
9.618675599999999548e-01 3.391351774276734222e-03
9.771205400000000374e-01 3.913511964012952524e-03
9.923735099999999587e-01 4.435671811415936583e-03
