3.143601000000000034e-02 1.381434692713850651e-06
4.668898999999999966e-02 1.399588735896697895e-06
6.194195999999999730e-02 1.582003031146782486e-06
7.719494000000000355e-02 1.764417445989507134e-06
9.244792000000000287e-02 2.043440150964685348e-06
1.077008899999999936e-01 2.336209585850265341e-06
1.229538700000000068e-01 5.900668077150119165e-03
1.382068499999999922e-01 1.495438233664827914e-02
1.534598199999999968e-01 3.045726136260642342e-02
1.687127999999999961e-01 5.460098757774396738e-02
1.839657700000000007e-01 7.608715757580720995e-02
1.992187500000000000e-01 8.718763722165298602e-02
2.144717299999999993e-01 9.828811686749876209e-02
2.297247000000000039e-01 1.067458334627554156e-01
2.449776800000000032e-01 1.151485008817074301e-01
2.602306500000000078e-01 1.203279537476246025e-01
2.754836299999999794e-01 1.244635636629660008e-01
2.907366100000000064e-01 1.289782843852191052e-01
3.059895799999999833e-01 1.338275586377955517e-01
3.212425600000000103e-01 1.386025040239671213e-01
3.364955399999999819e-01 1.432096521065589489e-01
3.517485100000000142e-01 1.479660484411705335e-01
3.670014899999999858e-01 1.543763716863926494e-01
3.822544600000000181e-01 1.607866907289454139e-01
3.975074399999999897e-01 1.677215846089128437e-01
4.127604200000000167e-01 1.747428575015473606e-01
4.280133899999999936e-01 1.823642087612688256e-01
4.432663700000000206e-01 1.903298363016568406e-01
4.585193499999999922e-01 1.987201303833867339e-01
4.737723200000000245e-01 2.077184479456543609e-01
4.890252999999999961e-01 2.166647423975312792e-01
5.042782700000000284e-01 2.253849269470516448e-01
5.195312500000000000e-01 2.341051172136123792e-01
5.347842299999999716e-01 2.434525411352480573e-01
5.500372000000000039e-01 2.528241642175878545e-01
5.652901799999999755e-01 2.629999581016919108e-01
5.805431500000000078e-01 2.734603175079637349e-01
5.957961299999999794e-01 2.833040725686847838e-01
6.110491099999999509e-01 2.925658912932934674e-01
6.263020799999999833e-01 3.007959412751766703e-01
6.415550599999999548e-01 3.065029438728505418e-01
6.568080400000000374e-01 3.121711628741496436e-01
6.720610099999999587e-01 3.172999194015142521e-01
6.873139900000000413e-01 3.224286792913431121e-01
7.025669599999999626e-01 3.291889837729775059e-01
7.178199400000000452e-01 3.362533465048092585e-01
7.330729200000000167e-01 3.439595018772063084e-01
7.483258900000000491e-01 3.520611946050546948e-01
7.635788700000000206e-01 3.600255976634283428e-01
7.788318499999999922e-01 3.677793058659445391e-01
7.940848200000000245e-01 3.755385643548698194e-01
8.093377999999999961e-01 3.833248906543574308e-01
8.245907700000000284e-01 3.911112118490548961e-01
8.398437500000000000e-01 3.995055304020647680e-01
8.550967299999999716e-01 4.079344909155142029e-01
8.703497000000000039e-01 4.165824927915649512e-01
8.856026799999999755e-01 4.253148685644688731e-01
9.008556500000000078e-01 4.329967061276891460e-01
9.161086299999999794e-01 4.396228137392313995e-01
9.313616099999999509e-01 4.366216732431462688e-01
9.466145799999999833e-01 4.081814435501725513e-01
9.618675599999999548e-01 3.790839124118138836e-01
9.771205400000000374e-01 3.375991114058821130e-01
9.923735099999999587e-01 2.961143375977842718e-01
