3.143601000000000034e-02 9.360083333333332201e-01
4.668898999999999966e-02 9.354347391872026574e-01
6.194195999999999730e-02 9.296711871854732578e-01
7.719494000000000355e-02 9.239076314051014593e-01
9.244792000000000287e-02 9.119287907332507270e-01
1.077008899999999936e-01 8.990655516225457555e-01
1.229538700000000068e-01 8.831423179333214302e-01
1.382068499999999922e-01 8.655820272083677436e-01
1.534598199999999968e-01 8.476464997886998809e-01
1.687127999999999961e-01 8.292081892069856908e-01
1.839657700000000007e-01 8.116015306373863814e-01
1.992187500000000000e-01 7.972449208007861277e-01
2.144717299999999993e-01 7.828883109641857629e-01
2.297247000000000039e-01 7.747545302589951000e-01
2.449776800000000032e-01 7.667503799630568384e-01
2.602306500000000078e-01 7.626434366465242309e-01
2.754836299999999794e-01 7.597986116270204482e-01
2.907366100000000064e-01 7.583647702254908696e-01
3.059895799999999833e-01 7.581760900664190617e-01
3.212425600000000103e-01 7.580189249794651030e-01
3.364955399999999819e-01 7.579329023565014589e-01
3.517485100000000142e-01 7.578099005350037443e-01
3.670014899999999858e-01 7.572771140560059511e-01
3.822544600000000181e-01 7.567443279263080802e-01
3.975074399999999897e-01 7.550215494674137329e-01
4.127604200000000167e-01 7.531028196427798083e-01
4.280133899999999936e-01 7.503291134961385112e-01
4.432663700000000206e-01 7.470648996446186407e-01
4.585193499999999922e-01 7.438858799282731527e-01
4.737723200000000245e-01 7.408288415390812398e-01
4.890252999999999961e-01 7.376809580390654153e-01
5.042782700000000284e-01 7.341382969744935094e-01
5.195312500000000000e-01 7.305956335873174945e-01
5.347842299999999716e-01 7.269649492103401611e-01
5.500372000000000039e-01 7.233308704356541385e-01
5.652901799999999755e-01 7.201833338586096644e-01
5.805431500000000078e-01 7.172079743556865061e-01
5.957961299999999794e-01 7.146147678711509688e-01
6.110491099999999509e-01 7.123822260344082613e-01
6.263020799999999833e-01 7.103259322009239929e-01
6.415550599999999548e-01 7.087006269497689859e-01
6.568080400000000374e-01 7.071531118915254099e-01
6.720610099999999587e-01 7.066876171745516411e-01
6.873139900000000413e-01 7.062221221523948822e-01
7.025669599999999626e-01 7.055427732020671527e-01
7.178199400000000452e-01 7.048235701226198691e-01
7.330729200000000167e-01 7.034184792304594147e-01
7.483258900000000491e-01 7.015906706122329028e-01
7.635788700000000206e-01 6.994806077747647288e-01
7.788318499999999922e-01 6.969373953850537262e-01
7.940848200000000245e-01 6.944647850883295392e-01
8.093377999999999961e-01 6.923360998329698424e-01
8.245907700000000284e-01 6.902074159731965697e-01
8.398437500000000000e-01 6.900016370277572975e-01
8.550967299999999716e-01 6.899054207353475521e-01
8.703497000000000039e-01 6.932257991487269511e-01
8.856026799999999755e-01 6.978621173199646144e-01
9.008556500000000078e-01 7.081561005772366579e-01
9.161086299999999794e-01 7.241357769165240876e-01
9.313616099999999509e-01 7.435114658079093886e-01
9.466145799999999833e-01 7.718607834713828719e-01
9.618675599999999548e-01 8.002425106093653540e-01
9.771205400000000374e-01 8.292346822564797826e-01
9.923735099999999587e-01 8.582268348960480076e-01
