3.143601000000000034e-02 6.132470534000000129e+01
4.668898999999999966e-02 5.441059634999999872e+01
6.194195999999999730e-02 4.804584596000000118e+01
7.719494000000000355e-02 4.226331923000000046e+01
9.244792000000000287e-02 3.707595675000000313e+01
1.077008899999999936e-01 3.247635731999999820e+01
1.229538700000000068e-01 2.841903059999999925e+01
1.382068499999999922e-01 2.484275209999999845e+01
1.534598199999999968e-01 2.169226828000000040e+01
1.687127999999999961e-01 1.891771252999999930e+01
1.839657700000000007e-01 1.647284340999999941e+01
1.992187500000000000e-01 1.467639744000000057e+01
2.144717299999999993e-01 1.320703913000000007e+01
2.297247000000000039e-01 1.195443153000000081e+01
2.449776800000000032e-01 1.088736233000000020e+01
2.602306500000000078e-01 9.920159460000000706e+00
2.754836299999999794e-01 9.049252029999999891e+00
2.907366100000000064e-01 8.301259030000000649e+00
3.059895799999999833e-01 7.656778860000000186e+00
3.212425600000000103e-01 7.093100470000000435e+00
3.364955399999999819e-01 6.583640420000000049e+00
3.517485100000000142e-01 6.142035779999999612e+00
3.670014899999999858e-01 5.757658300000000118e+00
3.822544600000000181e-01 5.424306770000000277e+00
3.975074399999999897e-01 5.150255890000000392e+00
4.127604200000000167e-01 4.914745639999999582e+00
4.280133899999999936e-01 4.713216329999999843e+00
4.432663700000000206e-01 4.541886329999999639e+00
4.585193499999999922e-01 4.403767420000000321e+00
4.737723200000000245e-01 4.292191149999999844e+00
4.890252999999999961e-01 4.203520619999999930e+00
5.042782700000000284e-01 4.136032600000000059e+00
5.195312500000000000e-01 4.080355329999999725e+00
5.347842299999999716e-01 4.035263969999999922e+00
5.500372000000000039e-01 4.007562949999999624e+00
5.652901799999999755e-01 3.996375149999999987e+00
5.805431500000000078e-01 4.000464949999999575e+00
5.957961299999999794e-01 4.017753650000000398e+00
6.110491099999999509e-01 4.048805050000000350e+00
6.263020799999999833e-01 4.092950659999999630e+00
6.415550599999999548e-01 4.149809180000000097e+00
6.568080400000000374e-01 4.193935599999999653e+00
6.720610099999999587e-01 4.248345839999999818e+00
6.873139900000000413e-01 4.313376189999999610e+00
7.025669599999999626e-01 4.389289080000000176e+00
7.178199400000000452e-01 4.433645679999999700e+00
7.330729200000000167e-01 4.469789659999999998e+00
7.483258900000000491e-01 4.515960940000000257e+00
7.635788700000000206e-01 4.573404199999999697e+00
7.788318499999999922e-01 4.641182109999999916e+00
7.940848200000000245e-01 4.718097840000000431e+00
8.093377999999999961e-01 4.806015440000000360e+00
8.245907700000000284e-01 4.906930370000000430e+00
8.398437500000000000e-01 5.021695239999999671e+00
8.550967299999999716e-01 5.149142630000000054e+00
8.703497000000000039e-01 5.288312109999999677e+00
8.856026799999999755e-01 5.440537990000000157e+00
9.008556500000000078e-01 5.597627580000000158e+00
9.161086299999999794e-01 5.759790480000000379e+00
9.313616099999999509e-01 5.930153569999999874e+00
9.466145799999999833e-01 6.046578420000000342e+00
9.618675599999999548e-01 6.151058060000000438e+00
9.771205400000000374e-01 6.259095480000000045e+00
9.923735099999999587e-01 6.520187589999999922e+00
