3.143601000000000034e-02 8.876980199999999765e-01
4.668898999999999966e-02 8.845854499999999954e-01
6.194195999999999730e-02 8.807588400000000428e-01
7.719494000000000355e-02 8.754971099999999673e-01
9.244792000000000287e-02 8.690309200000000400e-01
1.077008899999999936e-01 8.619892500000000402e-01
1.229538700000000068e-01 8.545253200000000326e-01
1.382068499999999922e-01 8.465882799999999708e-01
1.534598199999999968e-01 8.383392499999999803e-01
1.687127999999999961e-01 8.300075399999999881e-01
1.839657700000000007e-01 8.217721500000000345e-01
1.992187500000000000e-01 8.138531199999999854e-01
2.144717299999999993e-01 8.064134400000000369e-01
2.297247000000000039e-01 7.994066699999999859e-01
2.449776800000000032e-01 7.928255800000000297e-01
2.602306500000000078e-01 7.869062100000000504e-01
2.754836299999999794e-01 7.817495800000000550e-01
2.907366100000000064e-01 7.771610199999999802e-01
3.059895799999999833e-01 7.729976100000000017e-01
3.212425600000000103e-01 7.693191999999999808e-01
3.364955399999999819e-01 7.661271100000000001e-01
3.517485100000000142e-01 7.632444999999999924e-01
3.670014899999999858e-01 7.605433400000000121e-01
3.822544600000000181e-01 7.579901599999999684e-01
3.975074399999999897e-01 7.555419700000000072e-01
4.127604200000000167e-01 7.531213100000000438e-01
4.280133899999999936e-01 7.506917199999999513e-01
4.432663700000000206e-01 7.482231799999999877e-01
4.585193499999999922e-01 7.456829799999999953e-01
4.737723200000000245e-01 7.430803499999999451e-01
4.890252999999999961e-01 7.404410799999999737e-01
5.042782700000000284e-01 7.377815399999999579e-01
5.195312500000000000e-01 7.351250799999999863e-01
5.347842299999999716e-01 7.324950199999999967e-01
5.500372000000000039e-01 7.299080700000000199e-01
5.652901799999999755e-01 7.273937400000000109e-01
5.805431500000000078e-01 7.249971600000000294e-01
5.957961299999999794e-01 7.227426700000000315e-01
6.110491099999999509e-01 7.206132499999999830e-01
6.263020799999999833e-01 7.186331599999999931e-01
6.415550599999999548e-01 7.168486099999999972e-01
6.568080400000000374e-01 7.152826700000000093e-01
6.720610099999999587e-01 7.139107099999999484e-01
6.873139900000000413e-01 7.127524100000000029e-01
7.025669599999999626e-01 7.118934399999999885e-01
7.178199400000000452e-01 7.113717099999999904e-01
7.330729200000000167e-01 7.111768099999999926e-01
7.483258900000000491e-01 7.113804799999999817e-01
7.635788700000000206e-01 7.121677199999999486e-01
7.788318499999999922e-01 7.136487000000000247e-01
7.940848200000000245e-01 7.158053199999999672e-01
8.093377999999999961e-01 7.187170899999999474e-01
8.245907700000000284e-01 7.226683900000000493e-01
8.398437500000000000e-01 7.278172600000000214e-01
8.550967299999999716e-01 7.340664999999999552e-01
8.703497000000000039e-01 7.414368099999999462e-01
8.856026799999999755e-01 7.501556499999999517e-01
9.008556500000000078e-01 7.602822799999999770e-01
9.161086299999999794e-01 7.715627200000000352e-01
9.313616099999999509e-01 7.838119599999999743e-01
9.466145799999999833e-01 7.970306999999999809e-01
9.618675599999999548e-01 8.111450500000000341e-01
9.771205400000000374e-01 8.257686499999999929e-01
9.923735099999999587e-01 8.406301999999999941e-01
