3.143601000000000034e-02 0.000000000000000000e+00
4.668898999999999966e-02 0.000000000000000000e+00
6.194195999999999730e-02 0.000000000000000000e+00
7.719494000000000355e-02 0.000000000000000000e+00
9.244792000000000287e-02 0.000000000000000000e+00
1.077008899999999936e-01 0.000000000000000000e+00
1.229538700000000068e-01 0.000000000000000000e+00
1.382068499999999922e-01 0.000000000000000000e+00
1.534598199999999968e-01 0.000000000000000000e+00
1.687127999999999961e-01 7.444472000000000589e-02
1.839657700000000007e-01 8.209323999999999788e-02
1.992187500000000000e-01 8.928964000000000345e-02
2.144717299999999993e-01 9.590466000000000268e-02
2.297247000000000039e-01 1.156339100000000064e-01
2.449776800000000032e-01 1.227542499999999953e-01
2.602306500000000078e-01 1.271947999999999968e-01
2.754836299999999794e-01 1.298543799999999915e-01
2.907366100000000064e-01 1.329553800000000119e-01
3.059895799999999833e-01 1.352186499999999958e-01
3.212425600000000103e-01 1.371549300000000082e-01
3.364955399999999819e-01 1.389459799999999967e-01
3.517485100000000142e-01 1.498182600000000086e-01
3.670014899999999858e-01 1.526629999999999932e-01
3.822544600000000181e-01 1.557569599999999999e-01
3.975074399999999897e-01 1.591820100000000127e-01
4.127604200000000167e-01 1.628937500000000038e-01
4.280133899999999936e-01 1.902927799999999947e-01
4.432663700000000206e-01 1.968967000000000078e-01
4.585193499999999922e-01 2.032827399999999896e-01
4.737723200000000245e-01 2.098261499999999891e-01
4.890252999999999961e-01 2.167416799999999921e-01
5.042782700000000284e-01 2.240441200000000133e-01
5.195312500000000000e-01 2.316098500000000060e-01
5.347842299999999716e-01 2.394389899999999904e-01
5.500372000000000039e-01 2.590689500000000201e-01
5.652901799999999755e-01 2.682127899999999787e-01
5.805431500000000078e-01 2.776797300000000135e-01
5.957961299999999794e-01 2.874430700000000227e-01
6.110491099999999509e-01 2.975365899999999897e-01
6.263020799999999833e-01 3.079576800000000114e-01
6.415550599999999548e-01 3.187130000000000241e-01
6.568080400000000374e-01 3.289872699999999983e-01
6.720610099999999587e-01 3.394901300000000011e-01
6.873139900000000413e-01 3.182190899999999822e-01
7.025669599999999626e-01 3.288095400000000113e-01
7.178199400000000452e-01 3.380400199999999966e-01
7.330729200000000167e-01 3.467675599999999747e-01
7.483258900000000491e-01 3.557143899999999914e-01
7.635788700000000206e-01 3.649371399999999932e-01
7.788318499999999922e-01 3.744029700000000016e-01
7.940848200000000245e-01 3.840537900000000060e-01
8.093377999999999961e-01 3.939674599999999915e-01
8.245907700000000284e-01 4.042307299999999826e-01
8.398437500000000000e-01 4.146879099999999929e-01
8.550967299999999716e-01 4.245367400000000235e-01
8.703497000000000039e-01 4.345148500000000080e-01
8.856026799999999755e-01 4.446552599999999966e-01
9.008556500000000078e-01 4.519128900000000115e-01
9.161086299999999794e-01 4.568992100000000001e-01
9.313616099999999509e-01 4.613111699999999926e-01
9.466145799999999833e-01 4.353384200000000037e-01
9.618675599999999548e-01 3.968837900000000141e-01
9.771205400000000374e-01 3.546060200000000218e-01
9.923735099999999587e-01 3.114917999999999854e-01
