3.143601000000000034e-02 5.956259999999999680e-03
4.668898999999999966e-02 6.437949999999999576e-03
6.194195999999999730e-02 7.314779999999999893e-03
7.719494000000000355e-02 8.427159999999999512e-03
9.244792000000000287e-02 9.796650000000000497e-03
1.077008899999999936e-01 1.145030000000000006e-02
1.229538700000000068e-01 9.385829999999999521e-03
1.382068499999999922e-01 1.098142000000000042e-02
1.534598199999999968e-01 1.281555000000000021e-02
1.687127999999999961e-01 1.498104999999999923e-02
1.839657700000000007e-01 1.210497999999999956e-02
1.992187500000000000e-01 9.612759999999999708e-03
2.144717299999999993e-01 7.522240000000000350e-03
2.297247000000000039e-01 1.870850000000000074e-03
2.449776800000000032e-01 1.491670000000000062e-03
2.602306500000000078e-01 1.335000000000000032e-03
2.754836299999999794e-01 1.266900000000000057e-03
2.907366100000000064e-01 1.269189999999999902e-03
3.059895799999999833e-01 1.309940000000000106e-03
3.212425600000000103e-01 1.380890000000000069e-03
3.364955399999999819e-01 1.456019999999999927e-03
3.517485100000000142e-01 1.396169999999999963e-03
3.670014899999999858e-01 1.466980000000000107e-03
3.822544600000000181e-01 1.539879999999999981e-03
3.975074399999999897e-01 1.612939999999999990e-03
4.127604200000000167e-01 1.690709999999999999e-03
4.280133899999999936e-01 1.422359999999999900e-03
4.432663700000000206e-01 1.476110000000000096e-03
4.585193499999999922e-01 1.531280000000000098e-03
4.737723200000000245e-01 1.588130000000000097e-03
4.890252999999999961e-01 1.646839999999999892e-03
5.042782700000000284e-01 1.707430000000000015e-03
5.195312500000000000e-01 1.769509999999999963e-03
5.347842299999999716e-01 1.833070000000000012e-03
5.500372000000000039e-01 1.848540000000000079e-03
5.652901799999999755e-01 1.911740000000000097e-03
5.805431500000000078e-01 1.979809999999999817e-03
5.957961299999999794e-01 2.053580000000000162e-03
6.110491099999999509e-01 2.133860000000000010e-03
6.263020799999999833e-01 2.220540000000000014e-03
6.415550599999999548e-01 2.313850000000000108e-03
6.568080400000000374e-01 2.400929999999999905e-03
6.720610099999999587e-01 2.493330000000000199e-03
6.873139900000000413e-01 1.883710000000000028e-03
7.025669599999999626e-01 1.939270000000000100e-03
7.178199400000000452e-01 1.989490000000000008e-03
7.330729200000000167e-01 2.037360000000000212e-03
7.483258900000000491e-01 2.085399999999999841e-03
7.635788700000000206e-01 2.133749999999999796e-03
7.788318499999999922e-01 2.182279999999999984e-03
7.940848200000000245e-01 2.230730000000000213e-03
8.093377999999999961e-01 2.279329999999999985e-03
8.245907700000000284e-01 2.328359999999999805e-03
8.398437500000000000e-01 2.403639999999999857e-03
8.550967299999999716e-01 2.606810000000000203e-03
8.703497000000000039e-01 2.827500000000000152e-03
8.856026799999999755e-01 3.067369999999999819e-03
9.008556500000000078e-01 3.294940000000000108e-03
9.161086299999999794e-01 3.511520000000000179e-03
9.313616099999999509e-01 3.731260000000000132e-03
9.466145799999999833e-01 3.620159999999999871e-03
9.618675599999999548e-01 3.358090000000000207e-03
9.771205400000000374e-01 3.052899999999999885e-03
9.923735099999999587e-01 2.790420000000000053e-03
