3.155706727135298290e-02 0.000000000000000000e+00
4.705215419501133922e-02 0.000000000000000000e+00
6.254724111866968861e-02 0.000000000000000000e+00
7.804232804232803800e-02 0.000000000000000000e+00
9.353741496598638738e-02 0.000000000000000000e+00
1.090325018896447368e-01 0.000000000000000000e+00
1.245275888133031000e-01 0.000000000000000000e+00
1.400226757369614494e-01 0.000000000000000000e+00
1.555177626606198127e-01 0.000000000000000000e+00
1.710128495842781482e-01 7.563383459733541425e-02
1.865079365079365115e-01 8.333035289738538465e-02
2.020030234315948747e-01 9.056930399964843725e-02
2.174981103552532102e-01 9.726957357563295603e-02
2.329931972789115735e-01 1.169929828088237672e-01
2.484882842025699090e-01 1.240770774585179953e-01
2.639833711262282723e-01 1.276282970104538617e-01
2.794784580498866355e-01 1.302972501505416103e-01
2.949735449735449433e-01 1.331474562509884496e-01
3.104686318972033621e-01 1.352158443761501960e-01
3.259637188208616698e-01 1.373804182547031516e-01
3.414588057445200331e-01 1.395535404481017816e-01
3.569538926681783964e-01 1.499437733156720465e-01
3.724489795918367596e-01 1.535422667698422006e-01
3.879440665154950674e-01 1.558018474227935435e-01
4.034391534391533751e-01 1.593591024292350389e-01
4.189342403628117939e-01 1.854585390666012579e-01
4.344293272864701017e-01 1.919569163784315136e-01
4.499244142101284649e-01 1.987582052348258188e-01
4.654195011337868282e-01 2.057901781124570340e-01
4.809145880574451914e-01 2.108017280906130386e-01
4.964096749811034992e-01 2.184503700904001366e-01
5.119047619047618625e-01 2.265206878398687840e-01
5.273998488284202812e-01 2.351801279103298559e-01
5.428949357520785890e-01 2.434524239808130153e-01
5.583900226757370078e-01 2.625935696248191120e-01
5.738851095993953155e-01 2.728840912762682258e-01
5.893801965230536233e-01 2.835883083378299974e-01
6.048752834467119310e-01 2.932033955053993113e-01
6.203703703703704608e-01 3.030409769496126282e-01
6.358654572940287686e-01 3.147629741618266364e-01
6.513605442176870763e-01 3.236865973209013814e-01
6.668556311413453841e-01 3.360673454602383647e-01
6.823507180650036918e-01 3.134480712247894596e-01
6.978458049886621106e-01 3.262959704276499617e-01
7.133408919123204184e-01 3.342282558408497528e-01
7.288359788359788372e-01 3.450984966669584653e-01
7.443310657596371449e-01 3.530863948922135509e-01
7.598261526832955637e-01 3.608016764564924705e-01
7.753212396069538714e-01 3.731094024808233045e-01
7.908163265306121792e-01 3.813236589357764106e-01
8.063114134542704869e-01 3.899015543934434280e-01
8.218065003779290167e-01 4.033407560244383627e-01
8.373015873015873245e-01 4.124936260551715361e-01
8.527966742252456323e-01 4.224838293421285806e-01
8.682917611489039400e-01 4.341775912982979158e-01
8.837868480725623588e-01 4.432532654562705288e-01
8.992819349962206665e-01 4.500680078685771468e-01
9.147770219198790853e-01 4.564222313327770397e-01
9.302721088435373931e-01 4.620024794702745075e-01
9.457671957671957008e-01 4.378874394618669785e-01
9.612622826908541196e-01 3.991786503713988798e-01
9.767573696145124273e-01 3.506404667127462349e-01
9.922524565381707351e-01 2.458191855854053587e-01
