3.155706727135298290e-02 6.132345593337955592e+01
4.705215419501133922e-02 5.433219986120725054e+01
6.254724111866968861e-02 4.786435345824563825e+01
7.804232804232803800e-02 4.202218366874861033e+01
9.353741496598638738e-02 3.679306037473921975e+01
1.090325018896447368e-01 3.215530881332458790e+01
1.245275888133031000e-01 2.807388387693826104e+01
1.400226757369614494e-01 2.447395327318922043e+01
1.555177626606198127e-01 2.131140411751223951e+01
1.710128495842781482e-01 1.852387231089513264e+01
1.865079365079365115e-01 1.616335877862516668e+01
2.020030234315948747e-01 1.440018505667460857e+01
2.174981103552532102e-01 1.290000000000095248e+01
2.329931972789115735e-01 1.169271339347614713e+01
2.484882842025699090e-01 1.066081424936352917e+01
2.639833711262282723e-01 9.690469581309139713e+00
2.794784580498866355e-01 8.799999999999961631e+00
2.949735449735449433e-01 8.097201017811089585e+00
3.104686318972033621e-01 7.423386537127537821e+00
3.259637188208616698e-01 6.900000000000515499e+00
3.414588057445200331e-01 6.400855887115870502e+00
3.569538926681783964e-01 5.966111496646130163e+00
3.724489795918367596e-01 5.599999999999703881e+00
3.879440665154950674e-01 5.270043950959891532e+00
4.034391534391533751e-01 5.000000000000000000e+00
4.189342403628117939e-01 4.799999999999610800e+00
4.344293272864701017e-01 4.599999999999955236e+00
4.499244142101284649e-01 4.500000000000000000e+00
4.654195011337868282e-01 4.398357622021697999e+00
4.809145880574451914e-01 4.200000000000341238e+00
4.964096749811034992e-01 4.100000000000127542e+00
5.119047619047618625e-01 4.098033772843060696e+00
5.273998488284202812e-01 4.002845246356702802e+00
5.428949357520785890e-01 4.000000000000000000e+00
5.583900226757370078e-01 3.914156835530713252e+00
5.738851095993953155e-01 4.000000000000000000e+00
5.893801965230536233e-01 4.000000000000000000e+00
6.048752834467119310e-01 4.000000000000000000e+00
6.203703703703704608e-01 4.001572981725654898e+00
6.358654572940287686e-01 4.100000000000127542e+00
6.513605442176870763e-01 4.100000000000127542e+00
6.668556311413453841e-01 4.200000000000341238e+00
6.823507180650036918e-01 4.234975711311789404e+00
6.978458049886621106e-01 4.399999999999980815e+00
7.133408919123204184e-01 4.399999999999980815e+00
7.288359788359788372e-01 4.500000000000000000e+00
7.443310657596371449e-01 4.500000000000000000e+00
7.598261526832955637e-01 4.500000000000000000e+00
7.753212396069538714e-01 4.600046264168357268e+00
7.908163265306121792e-01 4.700000000000382983e+00
8.063114134542704869e-01 4.700000000000382983e+00
8.218065003779290167e-01 4.900000000000131806e+00
8.373015873015873245e-01 5.000000000000000000e+00
8.527966742252456323e-01 5.099999999999817568e+00
8.682917611489039400e-01 5.299999999999578826e+00
8.837868480725623588e-01 5.400000000000253486e+00
8.992819349962206665e-01 5.503562340966928090e+00
9.147770219198790853e-01 5.700000000000443379e+00
9.302721088435373931e-01 5.902220680083633653e+00
9.457671957671957008e-01 6.016724496877166928e+00
9.612622826908541196e-01 6.198288225769569948e+00
9.767573696145124273e-01 6.211380985427166657e+00
9.922524565381707351e-01 6.400000000000440892e+00
