3.155706727135298290e-02 8.889830557483610063e-01
4.705215419501133922e-02 8.862017117742715389e-01
6.254724111866968861e-02 8.814258038398926631e-01
7.804232804232803800e-02 8.760580037010884391e-01
9.353741496598638738e-02 8.696090677769802157e-01
1.090325018896447368e-01 8.622918112422154335e-01
1.245275888133031000e-01 8.544685403655573053e-01
1.400226757369614494e-01 8.460941475827103986e-01
1.555177626606198127e-01 8.374676150821547260e-01
1.710128495842781482e-01 8.287922160536861371e-01
1.865079365079365115e-01 8.203900647698841864e-01
2.020030234315948747e-01 8.121972588480630417e-01
2.174981103552532102e-01 8.044526370576069452e-01
2.329931972789115735e-01 7.971955239416824712e-01
2.484882842025699090e-01 7.904510756419040884e-01
2.639833711262282723e-01 7.846029956049198617e-01
2.794784580498866355e-01 7.792377978255585758e-01
2.949735449735449433e-01 7.745972125838452849e-01
3.104686318972033621e-01 7.703359935229997513e-01
3.259637188208616698e-01 7.668095072866207840e-01
3.414588057445200331e-01 7.635484617164042254e-01
3.569538926681783964e-01 7.607153597039792992e-01
3.724489795918367596e-01 7.578070784178133623e-01
3.879440665154950674e-01 7.551977793199710076e-01
4.034391534391533751e-01 7.527238029146890996e-01
4.189342403628117939e-01 7.502978255840883071e-01
4.344293272864701017e-01 7.478440897524499809e-01
4.499244142101284649e-01 7.452984038861238947e-01
4.654195011337868282e-01 7.426619245893625321e-01
4.809145880574451914e-01 7.400419269025414470e-01
4.964096749811034992e-01 7.374595188526846812e-01
5.119047619047618625e-01 7.348392320147886236e-01
5.273998488284202812e-01 7.322287763127359739e-01
5.428949357520785890e-01 7.296634281749417861e-01
5.583900226757370078e-01 7.271110918343973717e-01
5.738851095993953155e-01 7.246330673143589474e-01
5.893801965230536233e-01 7.222273305574985480e-01
6.048752834467119310e-01 7.199057367568445498e-01
6.203703703703704608e-01 7.178400416378074578e-01
6.358654572940287686e-01 7.160227272727175407e-01
6.513605442176870763e-01 7.143583738144275719e-01
6.668556311413453841e-01 7.127159958362619951e-01
6.823507180650036918e-01 7.114232014804161564e-01
6.978458049886621106e-01 7.105404233171643824e-01
7.133408919123204184e-01 7.097984617163901611e-01
7.288359788359788372e-01 7.094714318759697269e-01
7.443310657596371449e-01 7.095142262317439830e-01
7.598261526832955637e-01 7.099626995142380714e-01
7.753212396069538714e-01 7.112205065926170411e-01
7.908163265306121792e-01 7.132199861207414449e-01
8.063114134542704869e-01 7.160976173953091939e-01
8.218065003779290167e-01 7.200494448299402661e-01
8.373015873015873245e-01 7.249340735599943963e-01
8.527966742252456323e-01 7.313127457783676899e-01
8.682917611489039400e-01 7.390073444367255551e-01
8.837868480725623588e-01 7.480386884108071177e-01
8.992819349962206665e-01 7.582804186907438071e-01
9.147770219198790853e-01 7.700662155910218409e-01
9.302721088435373931e-01 7.828970043950560509e-01
9.457671957671957008e-01 7.967155331945058316e-01
9.612622826908541196e-01 8.112991556789731495e-01
9.767573696145124273e-01 8.264061415683898737e-01
9.922524565381707351e-01 8.418135554013295163e-01
