3.155706727135298290e-02 5.974329862889607434e-03
4.705215419501133922e-02 6.495543019652645286e-03
6.254724111866968861e-02 7.362411510885403555e-03
7.804232804232803800e-02 8.502741353637707084e-03
9.353741496598638738e-02 9.913163790416908150e-03
1.090325018896447368e-01 1.161573023664030750e-02
1.245275888133031000e-01 9.544124232315397138e-03
1.400226757369614494e-01 1.119078865978256725e-02
1.555177626606198127e-01 1.308858890528556522e-02
1.710128495842781482e-01 1.460150021118353583e-02
1.865079365079365115e-01 1.168187166873895996e-02
2.020030234315948747e-01 9.272480802722341334e-03
2.174981103552532102e-01 7.076598849557481571e-03
2.329931972789115735e-01 1.765436633579527169e-03
2.484882842025699090e-01 1.459623192576439341e-03
2.639833711262282723e-01 1.315124946530003662e-03
2.794784580498866355e-01 1.262109875277217432e-03
2.949735449735449433e-01 1.270061876890956395e-03
3.104686318972033621e-01 1.332153208348938779e-03
3.259637188208616698e-01 1.402379071464834523e-03
3.414588057445200331e-01 1.474235030236936391e-03
3.569538926681783964e-01 1.418006172112806296e-03
3.724489795918367596e-01 1.492737898167881706e-03
3.879440665154950674e-01 1.563747431776414632e-03
4.034391534391533751e-01 1.638872661433488694e-03
4.189342403628117939e-01 1.387792148126119115e-03
4.344293272864701017e-01 1.443558978438509201e-03
4.499244142101284649e-01 1.501015889481414163e-03
4.654195011337868282e-01 1.559554898999076242e-03
4.809145880574451914e-01 1.607119301372045327e-03
4.964096749811034992e-01 1.669023921282988213e-03
5.119047619047618625e-01 1.733261252106667403e-03
5.273998488284202812e-01 1.801036118580853470e-03
5.428949357520785890e-01 1.866764488934692136e-03
5.583900226757370078e-01 1.871440991441589890e-03
5.738851095993953155e-01 1.945002181254570309e-03
5.893801965230536233e-01 2.025442442417631304e-03
6.048752834467119310e-01 2.097020880435123032e-03
6.203703703703704608e-01 2.174421702771542082e-03
6.358654572940287686e-01 2.289749384349212824e-03
6.513605442176870763e-01 2.353351826379015618e-03
6.668556311413453841e-01 2.485517490884856222e-03
6.823507180650036918e-01 1.861467163914678818e-03
6.978458049886621106e-01 1.925499864431754696e-03
7.133408919123204184e-01 1.971596749770048937e-03
7.288359788359788372e-01 2.027516694457292927e-03
7.443310657596371449e-01 2.072614100210116647e-03
7.598261526832955637e-01 2.116082622274177531e-03
7.753212396069538714e-01 2.175103022110411004e-03
7.908163265306121792e-01 2.218882744715880689e-03
8.063114134542704869e-01 2.263160341544761828e-03
8.218065003779290167e-01 2.323812858226023854e-03
8.373015873015873245e-01 2.368413224506978748e-03
8.527966742252456323e-01 2.542813351962923320e-03
8.682917611489039400e-01 2.820655770204322232e-03
8.837868480725623588e-01 3.018352040086890592e-03
8.992819349962206665e-01 3.215846871224964636e-03
9.147770219198790853e-01 3.478780460399618062e-03
9.302721088435373931e-01 3.747721442948656785e-03
9.457671957671957008e-01 3.640761867413227788e-03
9.612622826908541196e-01 3.382160772747007382e-03
9.767573696145124273e-01 3.011849660270454233e-03
9.922524565381707351e-01 2.161526041150326188e-03
