3.143601000000000034e-02 0.000000000000000000e+00
4.668898999999999966e-02 0.000000000000000000e+00
6.194195999999999730e-02 0.000000000000000000e+00
7.719494000000000355e-02 0.000000000000000000e+00
9.244792000000000287e-02 0.000000000000000000e+00
1.077008899999999936e-01 0.000000000000000000e+00
1.229538700000000068e-01 0.000000000000000000e+00
1.382068499999999922e-01 0.000000000000000000e+00
1.534598199999999968e-01 0.000000000000000000e+00
1.687127999999999961e-01 7.389930999999999583e-02
1.839657700000000007e-01 8.150040000000000062e-02
1.992187500000000000e-01 8.847362000000000282e-02
2.144717299999999993e-01 9.510643000000000569e-02
2.297247000000000039e-01 1.145757899999999968e-01
2.449776800000000032e-01 1.213356599999999980e-01
2.602306500000000078e-01 1.255969999999999864e-01
2.754836299999999794e-01 1.282331200000000060e-01
2.907366100000000064e-01 1.311204900000000062e-01
3.059895799999999833e-01 1.332410400000000050e-01
3.212425600000000103e-01 1.351136599999999965e-01
3.364955399999999819e-01 1.368855900000000014e-01
3.517485100000000142e-01 1.476971800000000112e-01
3.670014899999999858e-01 1.505182899999999990e-01
3.822544600000000181e-01 1.535663800000000023e-01
3.975074399999999897e-01 1.569673400000000107e-01
4.127604200000000167e-01 1.606234699999999904e-01
4.280133899999999936e-01 1.884987800000000047e-01
4.432663700000000206e-01 1.947982600000000009e-01
4.585193499999999922e-01 2.009631199999999951e-01
4.737723200000000245e-01 2.074750099999999875e-01
4.890252999999999961e-01 2.143511399999999956e-01
5.042782700000000284e-01 2.215493199999999940e-01
5.195312500000000000e-01 2.290392499999999998e-01
5.347842299999999716e-01 2.367993800000000038e-01
5.500372000000000039e-01 2.568933500000000203e-01
5.652901799999999755e-01 2.660472799999999971e-01
5.805431500000000078e-01 2.754530199999999929e-01
5.957961299999999794e-01 2.851528199999999735e-01
6.110491099999999509e-01 2.952039399999999980e-01
6.263020799999999833e-01 3.055636199999999802e-01
6.415550599999999548e-01 3.162728699999999837e-01
6.568080400000000374e-01 3.265332899999999761e-01
6.720610099999999587e-01 3.370263800000000143e-01
6.873139900000000413e-01 3.153939499999999785e-01
7.025669599999999626e-01 3.259266499999999844e-01
7.178199400000000452e-01 3.351127799999999990e-01
7.330729200000000167e-01 3.438282400000000072e-01
7.483258900000000491e-01 3.527482900000000199e-01
7.635788700000000206e-01 3.618811800000000245e-01
7.788318499999999922e-01 3.713086999999999915e-01
7.940848200000000245e-01 3.808751100000000167e-01
8.093377999999999961e-01 3.908099500000000170e-01
8.245907700000000284e-01 4.010594800000000237e-01
8.398437500000000000e-01 4.116925900000000249e-01
8.550967299999999716e-01 4.220204200000000072e-01
8.703497000000000039e-01 4.320760900000000237e-01
8.856026799999999755e-01 4.423119799999999935e-01
9.008556500000000078e-01 4.496531500000000015e-01
9.161086299999999794e-01 4.547759599999999791e-01
9.313616099999999509e-01 4.594046399999999752e-01
9.466145799999999833e-01 4.340127200000000185e-01
9.618675599999999548e-01 3.958822000000000174e-01
9.771205400000000374e-01 3.538489699999999849e-01
9.923735099999999587e-01 3.077327100000000204e-01
