3.143601000000000034e-02 6.130664399999999858e+01
4.668898999999999966e-02 5.436672295000000332e+01
6.194195999999999730e-02 4.800136613000000096e+01
7.719494000000000355e-02 4.219022698999999932e+01
9.244792000000000287e-02 3.700817852000000130e+01
1.077008899999999936e-01 3.237054684999999665e+01
1.229538700000000068e-01 2.829578633999999937e+01
1.382068499999999922e-01 2.470798390999999938e+01
1.534598199999999968e-01 2.156552867999999989e+01
1.687127999999999961e-01 1.877178384000000122e+01
1.839657700000000007e-01 1.633036846999999980e+01
1.992187500000000000e-01 1.452638467999999961e+01
2.144717299999999993e-01 1.304820568000000058e+01
2.297247000000000039e-01 1.180100608000000051e+01
2.449776800000000032e-01 1.074685410999999924e+01
2.602306500000000078e-01 9.780165639999999883e+00
2.754836299999999794e-01 8.911644799999999478e+00
2.907366100000000064e-01 8.167238669999999701e+00
3.059895799999999833e-01 7.532577769999999617e+00
3.212425600000000103e-01 6.974172010000000199e+00
3.364955399999999819e-01 6.470793220000000012e+00
3.517485100000000142e-01 6.033445109999999723e+00
3.670014899999999858e-01 5.653228519999999868e+00
3.822544600000000181e-01 5.325534189999999946e+00
3.975074399999999897e-01 5.055362620000000362e+00
4.127604200000000167e-01 4.822457299999999947e+00
4.280133899999999936e-01 4.622936939999999773e+00
4.432663700000000206e-01 4.453381229999999746e+00
4.585193499999999922e-01 4.316692620000000424e+00
4.737723200000000245e-01 4.206370230000000099e+00
4.890252999999999961e-01 4.118422680000000113e+00
5.042782700000000284e-01 4.051824479999999618e+00
5.195312500000000000e-01 3.996570240000000052e+00
5.347842299999999716e-01 3.951826769999999822e+00
5.500372000000000039e-01 3.924843520000000030e+00
5.652901799999999755e-01 3.914097190000000115e+00
5.805431500000000078e-01 3.918919649999999866e+00
5.957961299999999794e-01 3.936592010000000030e+00
6.110491099999999509e-01 3.968320770000000053e+00
6.263020799999999833e-01 4.013276339999999998e+00
6.415550599999999548e-01 4.071232979999999557e+00
6.568080400000000374e-01 4.115564280000000075e+00
6.720610099999999587e-01 4.170946820000000166e+00
6.873139900000000413e-01 4.236239450000000240e+00
7.025669599999999626e-01 4.313171589999999611e+00
7.178199400000000452e-01 4.357508880000000140e+00
7.330729200000000167e-01 4.393756080000000175e+00
7.483258900000000491e-01 4.440207469999999823e+00
7.635788700000000206e-01 4.497530089999999703e+00
7.788318499999999922e-01 4.563976389999999661e+00
7.940848200000000245e-01 4.640787219999999991e+00
8.093377999999999961e-01 4.729081950000000312e+00
8.245907700000000284e-01 4.830195110000000014e+00
8.398437500000000000e-01 4.944095439999999897e+00
8.550967299999999716e-01 5.071487900000000160e+00
8.703497000000000039e-01 5.213860969999999817e+00
8.856026799999999755e-01 5.367883710000000086e+00
9.008556500000000078e-01 5.526689219999999736e+00
9.161086299999999794e-01 5.692027859999999606e+00
9.313616099999999509e-01 5.866960729999999735e+00
9.466145799999999833e-01 5.987959130000000130e+00
9.618675599999999548e-01 6.097046139999999781e+00
9.771205400000000374e-01 6.210866349999999869e+00
9.923735099999999587e-01 6.324650639999999768e+00
