3.143601000000000034e-02 8.848799099999999918e-01
4.668898999999999966e-02 8.811638600000000210e-01
6.194195999999999730e-02 8.771819400000000488e-01
7.719494000000000355e-02 8.716945900000000469e-01
9.244792000000000287e-02 8.652683399999999692e-01
1.077008899999999936e-01 8.576857199999999848e-01
1.229538700000000068e-01 8.501075099999999551e-01
1.382068499999999922e-01 8.416422900000000151e-01
1.534598199999999968e-01 8.334482800000000413e-01
1.687127999999999961e-01 8.247198599999999713e-01
1.839657700000000007e-01 8.164251500000000439e-01
1.992187500000000000e-01 8.081224099999999577e-01
2.144717299999999993e-01 8.005173199999999767e-01
2.297247000000000039e-01 7.934177700000000222e-01
2.449776800000000032e-01 7.869139099999999942e-01
2.602306500000000078e-01 7.809877200000000519e-01
2.754836299999999794e-01 7.757464200000000476e-01
2.907366100000000064e-01 7.711742299999999606e-01
3.059895799999999833e-01 7.670817699999999961e-01
3.212425600000000103e-01 7.635125200000000278e-01
3.364955399999999819e-01 7.603699600000000114e-01
3.517485100000000142e-01 7.574760299999999669e-01
3.670014899999999858e-01 7.549166000000000487e-01
3.822544600000000181e-01 7.523748599999999787e-01
3.975074399999999897e-01 7.499764700000000062e-01
4.127604200000000167e-01 7.475983699999999565e-01
4.280133899999999936e-01 7.451819899999999608e-01
4.432663700000000206e-01 7.425864699999999985e-01
4.585193499999999922e-01 7.400385600000000119e-01
4.737723200000000245e-01 7.374168599999999518e-01
4.890252999999999961e-01 7.347303899999999555e-01
5.042782700000000284e-01 7.319150800000000512e-01
5.195312500000000000e-01 7.291511899999999491e-01
5.347842299999999716e-01 7.264414599999999833e-01
5.500372000000000039e-01 7.236973899999999960e-01
5.652901799999999755e-01 7.211470700000000011e-01
5.805431500000000078e-01 7.186386000000000163e-01
5.957961299999999794e-01 7.162751800000000113e-01
6.110491099999999509e-01 7.140970800000000507e-01
6.263020799999999833e-01 7.120487899999999870e-01
6.415550599999999548e-01 7.101890600000000386e-01
6.568080400000000374e-01 7.085351399999999522e-01
6.720610099999999587e-01 7.071167600000000109e-01
6.873139900000000413e-01 7.058761500000000355e-01
7.025669599999999626e-01 7.049235600000000046e-01
7.178199400000000452e-01 7.042700200000000521e-01
7.330729200000000167e-01 7.039799100000000420e-01
7.483258900000000491e-01 7.040793499999999927e-01
7.635788700000000206e-01 7.046744000000000341e-01
7.788318499999999922e-01 7.059359699999999682e-01
7.940848200000000245e-01 7.078998199999999574e-01
8.093377999999999961e-01 7.107451299999999472e-01
8.245907700000000284e-01 7.145831799999999845e-01
8.398437500000000000e-01 7.195436600000000293e-01
8.550967299999999716e-01 7.256572500000000314e-01
8.703497000000000039e-01 7.332256600000000013e-01
8.856026799999999755e-01 7.420479199999999720e-01
9.008556500000000078e-01 7.522536600000000462e-01
9.161086299999999794e-01 7.637839800000000290e-01
9.313616099999999509e-01 7.764874499999999680e-01
9.466145799999999833e-01 7.901886200000000082e-01
9.618675599999999548e-01 8.047878800000000110e-01
9.771205400000000374e-01 8.200433900000000387e-01
9.923735099999999587e-01 8.354297499999999710e-01
