3.143601000000000034e-02 5.750449999999999832e-03
4.668898999999999966e-02 6.392240000000000422e-03
6.194195999999999730e-02 7.261629999999999821e-03
7.719494000000000355e-02 8.368739999999999513e-03
9.244792000000000287e-02 9.731039999999999829e-03
1.077008899999999936e-01 1.137711999999999925e-02
1.229538700000000068e-01 9.334030000000000105e-03
1.382068499999999922e-01 1.091881999999999922e-02
1.534598199999999968e-01 1.274691000000000018e-02
1.687127999999999961e-01 1.464333999999999948e-02
1.839657700000000007e-01 1.174903000000000058e-02
1.992187500000000000e-01 9.247729999999999145e-03
2.144717299999999993e-01 7.181749999999999766e-03
2.297247000000000039e-01 1.774589999999999935e-03
2.449776800000000032e-01 1.442920000000000097e-03
2.602306500000000078e-01 1.300219999999999935e-03
2.754836299999999794e-01 1.243140000000000000e-03
2.907366100000000064e-01 1.250400000000000036e-03
3.059895799999999833e-01 1.299079999999999983e-03
3.212425600000000103e-01 1.372900000000000032e-03
3.364955399999999819e-01 1.447039999999999915e-03
3.517485100000000142e-01 1.387940000000000050e-03
3.670014899999999858e-01 1.459070000000000028e-03
3.822544600000000181e-01 1.531540000000000071e-03
3.975074399999999897e-01 1.604560000000000101e-03
4.127604200000000167e-01 1.685639999999999968e-03
4.280133899999999936e-01 1.411149999999999904e-03
4.432663700000000206e-01 1.464330000000000015e-03
4.585193499999999922e-01 1.519439999999999940e-03
4.737723200000000245e-01 1.576230000000000079e-03
4.890252999999999961e-01 1.634849999999999975e-03
5.042782700000000284e-01 1.694849999999999916e-03
5.195312500000000000e-01 1.757169999999999956e-03
5.347842299999999716e-01 1.822449999999999981e-03
5.500372000000000039e-01 1.825110000000000014e-03
5.652901799999999755e-01 1.889220000000000049e-03
5.805431500000000078e-01 1.956439999999999829e-03
5.957961299999999794e-01 2.026950000000000019e-03
6.110491099999999509e-01 2.101449999999999933e-03
6.263020799999999833e-01 2.182190000000000085e-03
6.415550599999999548e-01 2.274480000000000165e-03
6.568080400000000374e-01 2.360919999999999859e-03
6.720610099999999587e-01 2.452950000000000182e-03
6.873139900000000413e-01 1.874060000000000092e-03
7.025669599999999626e-01 1.929350000000000032e-03
7.178199400000000452e-01 1.979470000000000101e-03
7.330729200000000167e-01 2.027409999999999889e-03
7.483258900000000491e-01 2.075410000000000189e-03
7.635788700000000206e-01 2.123379999999999799e-03
7.788318499999999922e-01 2.171950000000000183e-03
7.940848200000000245e-01 2.220039999999999947e-03
8.093377999999999961e-01 2.268850000000000207e-03
8.245907700000000284e-01 2.317880000000000027e-03
8.398437500000000000e-01 2.367520000000000128e-03
8.550967299999999716e-01 2.503280000000000088e-03
8.703497000000000039e-01 2.727310000000000151e-03
8.856026799999999755e-01 2.969229999999999786e-03
9.008556500000000078e-01 3.199299999999999974e-03
9.161086299999999794e-01 3.420850000000000019e-03
9.313616099999999509e-01 3.647810000000000028e-03
9.466145799999999833e-01 3.568640000000000093e-03
9.618675599999999548e-01 3.319959999999999838e-03
9.771205400000000374e-01 3.023080000000000038e-03
9.923735099999999587e-01 2.676679999999999858e-03
